60000
59279
58529
58587
58876
58170
58400
58103
57988
57833
57831
57899
57944
57942
57800
57966
58139
57784
57658
57591
57549
57300
57088
57067
57125
57300
57302
57400
57521
57487
57662
58078
58257
58291
58356
58398
58027
58088
58162
58388
58348
58314
58149
58595
58616
58612
58546
58624
58327
58536
58511
58691
58934
58904
59122
58840
59062
59315
59090
59076
59317
59483
59344
59847
59673
59617
59927
59920
59670
59664
59903
59865
59782
59784
59769
60022
59600
59964
59720
59645
60189
59953
60018
59884
60054
60414
59806
60071
60036
60296
60277
60394
60205
60360
60283
60317
59972
59989
60005

34065
27558
26165
25189
24633
23903
23691
23158
23091
23290
23378
23245
23351
23642
23752
23752
23831
23669
23934
23770
23847
24062
24184
24146
24025
24089
24241
24002
24118
23968
24081
24078
24239
24098
24069
24006
23915
23911
23897
23833
23846
23763
23736
23810
23749
23961
23944
23972
23905
23930
23734
23763
23946
24038
23938
24062
24219
24135
23947
24297
24082
23917
23999
24067
24013
24174
24149
24062
24291
24306
24355
24146
24031
24381
24274
24387
24256
24407
24481
24272
24190
24275
24296
24407
24222
24268
24230
24121
24351
24228
24232
24042
24348
24265
24216
24279
24323
24305
24393

32112
24086
24524
20960
18713
16130
18646
16274
16300
14805
14750
15037
14308
15827
14491
13616
11201
12001
11617
9638
11405
11098
11285
8976
9141
8631
8438
8754
8217
8823
7692
8191
8133
8012
7742
8417
7960
8011
7896
7567
7939
7579
7677
7680
7575
7747
7583
7545
7428
7484
7613
7281
7533
7531
7596
7613
7556
7506
7408
7396
7318
7233
7193
7318
7199
7112
7111
7357
7353
7324
7384
7191
7130
7224
7296
7067
7339
7348
7392
7198
7233
7339
7149
7323
7227
7210
7024
6962
7097
6963
7027
7117
7011
6961
6925
7057
6908
6947
6893

19427
12427
11384
12803
12001
12159
10997
11203
11172
11253
10695
7336
8368
7124
7297
6934
6509
6653
6342
6276
6591
6253
6068
6707
5558
5356
5114
5638
5327
4966
4900
5144
4973
4674
4746
4703
4667
4456
4452
4297
4417
4315
4114
4306
4412
4185
4081
4056
4112
3948
3908
3890
3604
3714
3660
3580
3655
3523
3426
3646
3413
3344
3256
3370
2985
3156
3105
3065
3170
2949
2792
2832
2896
2851
2944
2881
2876
2873
2833
2873
2739
2820
2915
2862
2922
2592
2693
2532
2585
2432
2353
2487
2534
2373
2523
2379
2405
2448
2358

7682
5820
5572
4646
4973
4764
4247
4078
3644
3741
3484
3824
3649
3180
3240
3047
3073
3115
3019
2776
2813
2812
2749
2641
2659
2718
2477
2465
2406
2308
2519
2400
2338
2377
2419
2363
2144
2381
2235
2224
2198
2166
2087
2072
2046
1960
1962
1910
1855
1898
1826
1859
1821
1809
1842
1620
1728
1685
1660
1673
1704
1553
1675
1543
1679
1554
1592
1540
1564
1554
1556
1485
1449
1488
1557
1418
1476
1431
1410
1493
1507
1471
1458
1443
1486
1344
1394
1384
1325
1363
1244
1277
1424
1301
1328
1258
1285
1290
1202

