170111
162259
173747
155962
150824
146435
132540
137081
135464
129777
131233
120321
125026
130824
131023
119239
107752
107110
104249
115234
112660
110639
97298
97446
104006
98394
125704
114326
128509
103408
101031
100777
105153
86752
102476
97910
98725
99253
98900
100092
96491
99128
97387
97446
97584
95030
81873
109007
81620
97513
94615
100265
98839
95400
94508
105033
81228
86718
90924
97437
75769
78495
96412
91199
96514
75428
96328
95595
78994
89886
95794
95301
97804
95463
79649
103674
76865
81993
71840
94340
101076
103234
94143
92503
95405
70321
69032
94819
71756
104325
95236
73852
71182
76401
73089
79044
96198
77739
90324

167093
156162
152174
140436
135241
134256
121024
128065
133115
114729
129466
114149
107602
112266
101644
107463
103807
98006
94755
93939
101144
98933
97818
95974
93370
96003
96588
86145
103831
83292
95418
95240
98389
83638
103146
89272
87211
85456
76317
81671
72002
83395
80840
83071
78567
80490
80162
89433
74227
73479
80147
75278
70189
77073
72890
74753
74162
77283
70798
77939
73173
66880
61387
87270
66572
72151
75577
66303
62477
69757
73691
72535
71934
77302
63092
77738
68455
80156
71210
53627
69019
88509
51828
57747
59175
51589
68150
53444
66489
51743
54369
58951
56138
57630
54138
59202
48277
57260
50630

159353
138626
132993
123053
116672
117631
113246
118108
117280
104291
108456
102773
91131
108701
97465
92977
94681
92615
88927
89558
80951
89160
88769
87231
78434
83613
82330
80808
78132
73007
73830
77283
78964
77429
75176
71202
81126
69915
71658
73115
65538
70122
72437
69313
69892
61130
69122
60592
69025
63279
61564
63050
63317
54758
61177
67710
59097
61185
58098
52962
56485
58704
52957
50174
56014
68004
53496
51205
52292
61478
54348
62322
62662
52643
50460
46538
49216
49399
48467
46726
44312
49632
43814
46309
44056
46185
49449
44817
43167
42057
44313
43065
47388
44135
43962
41226
44113
45116
43059

122472
124019
119169
99051
112494
104164
88305
100097
108082
88795
85489
97096
84792
94411
86932
86588
76085
84758
73529
82919
72143
82772
80354
77970
76998
74776
73241
68157
71656
66871
68167
66430
67162
65533
67715
64713
62074
58900
57551
60199
58925
60134
64336
59145
59693
52903
58076
55282
52148
55079
55737
53424
53177
51843
53233
56639
54861
48885
50003
50221
52972
49155
47880
47480
50634
43599
49110
44479
43404
44386
48208
42497
46931
46941
45450
42098
44251
43542
42131
44225
41110
40725
41008
39988
39824
40715
41954
41689
40668
39272
38804
40282
39720
36576
40193
37221
37630
40686
37673

92020
106220
102764
86838
64340
80006
78951
79350
73540
66873
78839
77203
74279
80163
70607
74710
68364
66114
55404
68925
64576
64046
66997
61098
54264
62200
63612
59000
60092
54926
58757
55538
57553
59673
51746
57797
50724
54989
52126
51816
52626
48001
52513
53682
49737
49826
50577
45902
47983
47824
47227
50296
47762
43150
40847
46969
43060
45970
45501
41225
43952
44168
42266
42699
42523
39775
43388
37025
40161
39207
39276
37675
37659
36704
41145
37754
42454
36933
38019
39647
36452
35451
36582
37278
34408
34957
36860
37418
33710
35801
34091
34158
36465
36072
33321
32751
34358
34925
32038

