127688
94726
69158
50623
38848
33664
29011
25202
22916
18325
13529
12118
11014
10111
8568
8045
7026
6018
5550
5011
4370
3728
3283
2752
2407
2148
1910
1755
1565
1488
1375
1325
1241
1182
1112
1068
1032
990
958
914
887
860
828
811
790
766
751
744
728
695
682
668
667
651
638
628
621
616
609
594
581
577
551
549
541
536
531
531
526
516
510
506
504
501
495
491
490
489
482
480
477
475
473
467
466
466
465
462
460
457
458
458
453
453
440
440
439
438
436

81595
57750
32310
19581
16406
14654
13893
11594
4874
1969
1441
1151
991
916
844
764
712
662
644
597
584
575
558
533
490
481
444
430
369
361
326
323
303
298
287
277
264
257
250
245
239
233
231
229
226
224
212
209
209
205
199
197
196
192
188
184
184
183
182
179
177
177
177
177
177
176
172
164
161
161
161
158
158
157
157
154
153
152
151
151
151
151
151
150
150
150
149
148
148
148
148
147
147
147
147
147
147
147
147

60446
53625
50132
48041
46654
45652
44918
44358
43898
43532
43219
42963
42744
42549
42384
42235
42102
41982
41876
41782
41695
41612
41539
41473
41411
41352
41299
41248
41203
41160
41120
41082
41047
41013
40981
40952
40922
40895
40870
40845
40822
40800
40779
40759
40740
40721
40704
40687
40671
40655
40640
40625
40611
40598
40585
40573
40560
40549
40538
40527
40516
40506
40496
40487
40477
40468
40460
40451
40443
40435
40427
40419
40412
40405
40398
40391
40384
40378
40372
40365
40359
40354
40348
40342
40337
40332
40326
40321
40316
40311
40307
40302
40297
40293
40289
40284
40280
40276
40272

